5
8
8
1.78578 1.81333 1.61694 1.61216 1.63373 1.75352 1.78467 1.77418 1.69562 1.62701 1.74996
1.60279 1.87475 1.79094 1.58357 1.70309 1.72005 1.65585 1.76029  1.8546  2.0713 1.94493
2.14554 2.25422 1.90819 2.56207 2.17674 2.09345 2.30328 2.38116 2.62871 2.28318 2.07026
 3.0537 3.24425 2.99983 3.19574 3.00015 3.02814 3.12437 3.16031 3.01112 3.04187  3.0974
4.35613 4.25134 3.88202 4.05238  4.3709 4.35261 3.95924 3.86911 4.16156 3.90796 4.17392
5.04888 5.26398 4.98572  4.6315 5.17234 5.04531 4.94036 4.80598 4.68885 4.74787 5.35338
5.13575 5.41162 5.37291  5.3811 5.30293 5.28906 5.41975 5.29616 4.90807 4.86603 4.42993
5.19867 5.09346 5.27145 5.32721 5.37233 5.25342 5.22151 5.30562  5.1053 5.64625 4.99686
   0.303959    0.155696 -0.00664076  -0.0616313     -0.1626  -0.0506067   -0.042773 -0.00837428  -0.0889249     1.00934    0.988491
   0.280965   0.0721687  -0.0889802   -0.153323   -0.317438   -0.113384    0.149052    0.194169    0.113843    0.267529    0.630423
  0.0703131  -0.0879734    0.499068     2.03633     3.17968      3.0957      1.9741     1.97301     1.24252    0.129412    0.628255
  0.0594638   -0.150322    0.443545     2.04556     3.03553     3.01062     2.06129     1.94913     1.53035    0.117498    0.557739
  -0.141173   -0.134419    0.447621     2.01851     3.11499     2.95611     1.99918      1.9528     1.52166    0.100471    0.579578
 -0.0542043   -0.179064     0.48617      1.9928     2.92172     2.93014     1.93384     2.15108     1.22044    0.219666    0.601278
   0.310737    0.270587      0.1002   -0.178335    -0.38912   -0.287161   -0.170088   0.0585515 -0.00464728    0.319771    0.286358
   0.151995    0.364263    0.138153    0.124834    0.226417    0.302083    0.165195   -0.148957    0.262536    0.213037   -0.082536
2.39674 2.76477 3.15751 3.55676 4.55269  5.3948 6.17881  6.6786 7.50919 7.30604  7.8689
2.73217 2.56935 2.67841 2.99823  4.0499 5.10586  5.9308 7.04488 7.56347 8.22783 8.01497
2.16445 2.95931 1.49026 3.28495 4.36013 5.46921 6.64386 8.35658 8.53934 8.01657 9.68873
2.21887 2.88294 1.48957 3.20173 4.42776  5.4245 6.74971 8.32908 8.62319  8.1153 9.75391
2.44012 2.91269 1.48206 3.30601 4.37775  5.3793  6.6669 8.33016 8.69341 8.13941 9.89878
2.37236 2.92122 1.45898 3.30495 4.41036 5.46481 6.65556 8.30603  8.6756 8.15209 9.83036
2.92705 2.65242 2.34924 2.96802 3.97422  5.0153 6.28123 7.43596 7.89444 8.42857 8.36988
2.03528 3.10361 3.25398  3.5633  4.2828 5.19174 5.92863 6.82523 7.82127 8.40453 8.04718
1 1 1 1 1 1 1 1 1 1 1
1 1 1 1 1 1 1 1 1 1 1
1 1 1 1 1 1 1 1 1 1 1
1 1 1 1 1 1 1 1 1 1 1
1 1 1 1 1 1 1 1 1 1 1
1 1 1 1 1 1 1 1 1 1 1
1 1 1 1 1 1 1 1 1 1 1
1 1 1 1 1 1 1 1 1 1 1
1 0 0 0 0 0 0 1
1 0 0 0 0 0 0 1
1 0 0 0 0 0 0 1
1 0 0 0 0 0 0 1
1 0 0 0 0 0 0 1
0.5 0.7 0.5
0 0 0 0
1
0
1
10
