10
12
8
          0           0           0           0           0           0           0           0           0           0           0           0           0           0           0
          0           0           0           0           0           0           0           0           0           0           0           0           0           0           0
          0           0           0           0           0           0           0           0           0           0           0           0           0           0           0
          0           0           0    0.045423    0.029073 -0.00320888    0.106145    0.164792     0.12884   -0.101649  -0.0605888   0.0540276           0           0           0
          0           0           0           0  -0.0590441    -0.11009   0.0147483   -0.146231   -0.077832   -0.146969    0.183607    0.099659           0           0           0
          0           0           0           0           0           0           0  -0.0654633   -0.194912  -0.0987415  -0.0519795 5.79357e-05           0           0           0
          0           0           0           0           0           0           0  -0.0973909   -0.150979   -0.107423    0.016891  0.00659513           0           0           0
          0           0           0           0           0           0           0    -0.22141   -0.144298   -0.175259   0.0330763   0.0678055           0           0           0
          0           0           0           0           0  0.00785589  -0.0639434   -0.142853  0.00924921  -0.0807934  -0.0351052  -0.0528116           0           0           0
          0           0           0           0  -0.0369864   -0.186572   -0.208715   -0.249273   -0.249763 -0.00849247 -0.00374079 -0.00321913           0           0           0
          0           0           0           0           0           0           0           0           0           0           0           0           0           0           0
          0           0           0           0           0           0           0           0           0           0           0           0           0           0           0
          0           0           0           0           0           0           0           0           0           0           0           0           0           0           0
          0           0           0           0           0           0           0           0           0           0           0           0           0           0           0
          0           0           0           0           0           0           0           0           0           0           0           0           0           0           0
          0           0           0           0           0           0           0           0           0           0           0           0           0           0           0
          0           0           0  -0.0034734   -0.413246   -0.806472    -0.73069   -0.585412   -0.328952  0.00557077  -0.0809699   0.0134612           0           0           0
          0           0           0           0   0.0969834    0.078789 -0.00197887   -0.150766    0.139399   -0.263501  0.00278091  -0.0606698           0           0           0
          0           0           0           0           0           0           0    0.124093   0.0165415   -0.217255  -0.0278249  -0.0520731           0           0           0
          0           0           0           0           0           0           0    0.233528   0.0678272   -0.198678  -0.0284139  -0.0678934           0           0           0
          0           0           0           0           0           0           0    0.187359   0.0967257   -0.162698   -0.007231   -0.102503           0           0           0
          0           0           0           0           0   0.0579524   0.0417001    0.233798    0.207535   -0.168084   -0.061746   -0.128494           0           0           0
          0           0           0           0   -0.345333   -0.574662   -0.678829   -0.502147   -0.184353  0.00182009   -0.313374   -0.326802           0           0           0
          0           0           0           0           0           0           0           0           0           0           0           0           0           0           0
          0           0           0           0           0           0           0           0           0           0           0           0           0           0           0
          0           0           0           0           0           0           0           0           0           0           0           0           0           0           0
         0          0          0          0          0          0          0          0          0          0          0          0          0          0          0
         0          0          0          0          0          0          0          0          0          0          0          0          0          0          0
         0          0          0          0          0          0          0          0          0          0          0          0          0          0          0
         0          0          0 -0.0497143  0.0141456 -0.0223885  0.0149345   0.190547   0.079164  0.0989442   0.226658   0.105614          0          0          0
         0          0          0          0  0.0195787 -0.0229025 -0.0921831   0.336256   0.263315  0.0364518  0.0307274   0.136973          0          0          0
         0          0          0          0          0          0          0   0.465283    0.26027 -0.0399146 -0.0833502   0.181793          0          0          0
         0          0          0          0          0          0          0   0.520555   0.437344 0.00774097   0.645569    0.14506          0          0          0
         0          0          0          0          0          0          0   0.559895    0.39022  0.0417609   0.112744   0.305059          0          0          0
         0          0          0          0          0  0.0380301  0.0376024   0.577517   0.379339 0.00705528  0.0763226   0.266529          0          0          0
         0          0          0          0 -0.0623157 -0.0506287 -0.0441589   0.102496  0.0561533  0.0492873   0.181655    0.14861          0          0          0
         0          0          0          0          0          0          0          0          0          0          0          0          0          0          0
         0          0          0          0          0          0          0          0          0          0          0          0          0          0          0
         0          0          0          0          0          0          0          0          0          0          0          0          0          0          0
0 0 0 0 0 0 0 0 0 0 0 0 0 0 0
0 0 0 0 0 0 0 0 0 0 0 0 0 0 0
0 0 0 0 0 0 0 0 0 0 0 0 0 0 0
0 0 0 1 1 1 1 1 1 1 1 1 0 0 0
0 0 0 1 1 1 1 1 1 1 1 1 0 0 0
0 0 0 1 1 1 1 1 1 1 1 1 0 0 0
0 0 0 1 1 1 1 1 1 1 1 1 0 0 0
0 0 0 1 1 1 1 1 1 1 1 1 0 0 0
0 0 0 1 1 1 1 1 1 1 1 1 0 0 0
0 0 0 1 1 1 1 1 1 1 1 1 0 0 0
0 0 0 0 0 0 0 0 0 0 0 0 0 0 0
0 0 0 0 0 0 0 0 0 0 0 0 0 0 0
0 0 0 0 0 0 0 0 0 0 0 0 0 0 0
1 1 1 1 1 1 1 1 1 1 1 1
1 1 1 1 1 1 1 1 1 1 1 1
1 1 1 1 1 1 1 1 1 1 1 1
1 1 1 1 1 1 1 1 1 1 1 1
1 1 1 1 1 1 1 1 1 1 1 1
1 1 1 1 1 1 1 1 1 1 1 1
1 1 1 1 1 1 1 1 1 1 1 1
1 1 1 1 1 1 1 1 1 1 1 1
1 1 1 1 1 1 1 1 1 1 1 1
1 1 1 1 1 1 1 1 1 1 1 1
0.5 0.7 0.5
5 7 3 2
0
1
0
120
