8
8
16
        0         0         0         0         0         0         0         0         0         0         0
        0         0         0         0         0         0         0         0         0         0         0
        0         0         0         0         0         0         0         0         0         0         0
        0         0         0         0         0         0         0 -0.196239         0         0         0
        0         0         0         0         0         0         0         0         0         0         0
        0         0         0         0         0         0         0         0         0         0         0
        0         0         0         0         0  0.198668         0         0         0         0         0
        0         0         0         0         0         0         0         0         0         0         0
        0         0         0         0         0         0         0         0         0         0         0
        0         0         0         0         0         0         0         0         0         0         0
        0         0         0         0         0         0         0         0         0         0         0
      0       0       0       0       0       0       0       0       0       0       0
      0       0       0       0       0       0       0       0       0       0       0
      0       0       0       0       0       0       0       0       0       0       0
      0       0       0       0       0       0       0 3.70543       0       0       0
      0       0       0       0       0       0       0       0       0       0       0
      0       0       0       0       0       0       0       0       0       0       0
      0       0       0       0       0 3.76318       0       0       0       0       0
      0       0       0       0       0       0       0       0       0       0       0
      0       0       0       0       0       0       0       0       0       0       0
      0       0       0       0       0       0       0       0       0       0       0
      0       0       0       0       0       0       0       0       0       0       0
       0        0        0        0        0        0        0        0        0        0        0
       0        0        0        0        0        0        0        0        0        0        0
       0        0        0        0        0        0        0        0        0        0        0
       0        0        0        0        0        0        0 -1.60598        0        0        0
       0        0        0        0        0        0        0        0        0        0        0
       0        0        0        0        0        0        0        0        0        0        0
       0        0        0        0        0 -1.15984        0        0        0        0        0
       0        0        0        0        0        0        0        0        0        0        0
       0        0        0        0        0        0        0        0        0        0        0
       0        0        0        0        0        0        0        0        0        0        0
       0        0        0        0        0        0        0        0        0        0        0
0 0 0 0 0 0 0 0 0 0 0
0 0 0 0 0 0 0 0 0 0 0
0 0 0 0 0 0 0 0 0 0 0
0 0 0 1 1 1 1 1 0 0 0
0 0 0 1 1 1 1 1 0 0 0
0 0 0 1 1 1 1 1 0 0 0
0 0 0 1 1 1 1 1 0 0 0
0 0 0 1 1 1 1 1 0 0 0
0 0 0 0 0 0 0 0 0 0 0
0 0 0 0 0 0 0 0 0 0 0
0 0 0 0 0 0 0 0 0 0 0
1 1 1 1 1 1 1 1
1 1 1 1 1 0 0 1
1 1 1 1 1 0 0 1
1 1 1 1 1 1 1 1
1 1 1 0 0 1 1 1
1 1 1 0 0 1 1 1
1 1 1 1 1 1 1 1
1 1 1 1 1 1 1 1
0.501961 0 0.501961
5 7 5 3
1
1
2
56
