4
4
16
       0        0        0        0        0        0        0
       0        0        0        0        0        0        0
       0        0        0        0        0        0        0
       0        0        0 -2.06751        0        0        0
       0        0        0        0        0        0        0
       0        0        0        0        0        0        0
       0        0        0        0        0        0        0
        0         0         0         0         0         0         0
        0         0         0         0         0         0         0
        0         0         0         0         0         0         0
        0         0         0 -0.139376         0         0         0
        0         0         0         0         0         0         0
        0         0         0         0         0         0         0
        0         0         0         0         0         0         0
        0         0         0         0         0         0         0
        0         0         0         0         0         0         0
        0         0         0         0         0         0         0
        0         0         0 0.0990047         0         0         0
        0         0         0         0         0         0         0
        0         0         0         0         0         0         0
        0         0         0         0         0         0         0
0 0 0 0 0 0 0
0 0 0 0 0 0 0
0 0 0 0 0 0 0
0 0 0 1 0 0 0
0 0 0 0 0 0 0
0 0 0 0 0 0 0
0 0 0 0 0 0 0
1 1 1 1
1 1 1 1
1 1 1 1
1 1 1 1
1 0.701961 0.501961
6 5 5 6
0
1
0
16
