8
8
16
      0       0       0       0       0       0       0       0       0       0       0
      1       1       1       1       1       1       1       1       1       1       1
      2       2       2       2 1.87363 2.10927 1.88732 1.98011 2.15122       2       2
      3       3       3  2.9078 2.85938 3.02907 2.94226 3.04819 2.95315       3       3
      4       4       4       4 3.96362 3.90506 3.96861 3.93899 4.04738       4       4
      5       5       5       5 4.84695 4.79758  4.9656 4.95733 5.26831       5       5
      6       6       6       6  6.0556 5.83171 6.29734       6       6       6       6
      7 7.25231  7.7251       7       7       7 6.99908       7       7       7       7
      8       8       8       8       8       8       8 8.25045 8.03021  8.3216       8
      9       9       9       9       9       9       9       9 9.37961       9       9
     10      10      10      10      10      10      10      10      10      10      10
        0         0         0         0         0         0         0         0         0         0         0
        0         0         0         0         0         0         0         0         0         0         0
        0         0         0         0   1.09369   1.26839   1.23974   1.14231   1.57122         0         0
        0         0         0   1.54987 -0.453982   1.35488   1.21126   1.09523   1.17787         0         0
        0         0         0         0   1.16008   1.37163   1.19793   1.92511  0.854225         0         0
        0         0         0         0   1.37764  0.998446   1.13607   1.17767  0.685807         0         0
        0         0         0         0   1.21391   1.45319   2.80868         0         0         0         0
        0   5.47141   4.04027         0         0         0   0.64356         0         0         0         0
        0         0         0         0         0         0         0   2.95099  0.848848   2.85309         0
        0         0         0         0         0         0         0         0   2.92549         0         0
        0         0         0         0         0         0         0         0         0         0         0
       0        1        2        3        4        5        6        7        8        9       10
       0        1        2        3        4        5        6        7        8        9       10
       0        1        2        3   4.2381  5.27945  6.24191  7.20924  7.21829        9       10
       0        1        2  3.20587  3.79315  5.38972  6.22752  7.19703  7.11128        9       10
       0        1        2        3  4.33489  5.33502  6.22618   6.0731  7.36142        9       10
       0        1        2        3  4.31425  5.22697   6.2169  7.22562  7.47081        9       10
       0        1        2        3  4.90992  5.33747  3.89806        7        8        9       10
       0 0.257108  2.24166        3        4        5  5.74711        7        8        9       10
       0        1        2        3        4        5        6  6.22253  7.71613  8.28646       10
       0        1        2        3        4        5        6        7  7.25613        9       10
       0        1        2        3        4        5        6        7        8        9       10
1 1 1 1 1 1 1 1 1 1 1
1 1 1 1 1 1 1 1 1 1 1
1 1 1 1 1 1 1 1 1 1 1
1 1 1 1 1 1 1 1 1 1 1
1 1 1 1 1 1 1 1 1 1 1
1 1 1 1 1 1 1 1 1 1 1
1 1 1 1 1 1 1 1 1 1 1
1 1 1 1 1 1 1 1 1 1 1
1 1 1 1 1 1 1 1 1 1 1
1 1 1 1 1 1 1 1 1 1 1
1 1 1 1 1 1 1 1 1 1 1
1 1 1 1 1 1 1 1
1 1 1 0 0 0 0 1
1 1 1 0 0 0 0 1
1 1 1 0 0 0 0 1
1 1 1 0 0 0 0 1
0 0 1 1 1 1 1 1
0 0 1 1 1 1 0 0
1 1 1 1 1 1 0 0
0.501961 0.733333 0.501961
0 0 0 0
1
0
3
40
