4
4
16
       0        0        0        0        0        0        0
       0        0        0        0        0        0        0
       0        0        0        0        0        0        0
       0        0        0 -1.16686        0        0        0
       0        0        0        0        0        0        0
       0        0        0        0        0        0        0
       0        0        0        0        0        0        0
       0        0        0        0        0        0        0
       0        0        0        0        0        0        0
       0        0        0        0        0        0        0
       0        0        0 0.648683        0        0        0
       0        0        0        0        0        0        0
       0        0        0        0        0        0        0
       0        0        0        0        0        0        0
        0         0         0         0         0         0         0
        0         0         0         0         0         0         0
        0         0         0         0         0         0         0
        0         0         0 -0.616714         0         0         0
        0         0         0         0         0         0         0
        0         0         0         0         0         0         0
        0         0         0         0         0         0         0
0 0 0 0 0 0 0
0 0 0 0 0 0 0
0 0 0 0 0 0 0
0 0 0 1 0 0 0
0 0 0 0 0 0 0
0 0 0 0 0 0 0
0 0 0 0 0 0 0
1 1 1 1
1 1 1 1
1 1 1 1
1 1 1 1
0.501961 0.745098 1
3 3 3 3
0
1
0
16
