4
4
16
      0       0       0       0       0       0       0
      0       0       0       0       0       0       0
      0       0       0       0       0       0       0
      0       0       0 1.58783       0       0       0
      0       0       0       0       0       0       0
      0       0       0       0       0       0       0
      0       0       0       0       0       0       0
       0        0        0        0        0        0        0
       0        0        0        0        0        0        0
       0        0        0        0        0        0        0
       0        0        0 0.539072        0        0        0
       0        0        0        0        0        0        0
       0        0        0        0        0        0        0
       0        0        0        0        0        0        0
        0         0         0         0         0         0         0
        0         0         0         0         0         0         0
        0         0         0         0         0         0         0
        0         0         0 -0.377942         0         0         0
        0         0         0         0         0         0         0
        0         0         0         0         0         0         0
        0         0         0         0         0         0         0
0 0 0 0 0 0 0
0 0 0 0 0 0 0
0 0 0 0 0 0 0
0 0 0 1 0 0 0
0 0 0 0 0 0 0
0 0 0 0 0 0 0
0 0 0 0 0 0 0
1 1 1 1
1 0 0 1
1 0 0 1
1 1 1 1
0.501961 1 0
3 3 3 3
1
1
1
12
