4
4
16
        0         0         0         0         0         0         0
        0         0         0         0         0         0         0
        0         0         0         0         0         0         0
        0         0         0 0.0377197         0         0         0
        0         0         0         0         0         0         0
        0         0         0         0         0         0         0
        0         0         0         0         0         0         0
      0       0       0       0       0       0       0
      0       0       0       0       0       0       0
      0       0       0       0       0       0       0
      0       0       0 4.28449       0       0       0
      0       0       0       0       0       0       0
      0       0       0       0       0       0       0
      0       0       0       0       0       0       0
       0        0        0        0        0        0        0
       0        0        0        0        0        0        0
       0        0        0        0        0        0        0
       0        0        0 0.465431        0        0        0
       0        0        0        0        0        0        0
       0        0        0        0        0        0        0
       0        0        0        0        0        0        0
0 0 0 0 0 0 0
0 0 0 0 0 0 0
0 0 0 0 0 0 0
0 0 0 1 0 0 0
0 0 0 0 0 0 0
0 0 0 0 0 0 0
0 0 0 0 0 0 0
1 1 1 1
1 1 1 1
1 1 1 1
1 1 1 1
1 1 1
3 3 3 3
0
1
0
16
