4
4
16
      0       0       0       0       0       0       0
      0       0       0       0       0       0       0
      0       0       0       0       0       0       0
      0       0       0 2.18096       0       0       0
      0       0       0       0       0       0       0
      0       0       0       0       0       0       0
      0       0       0       0       0       0       0
        0         0         0         0         0         0         0
        0         0         0         0         0         0         0
        0         0         0         0         0         0         0
        0         0         0 -0.479979         0         0         0
        0         0         0         0         0         0         0
        0         0         0         0         0         0         0
        0         0         0         0         0         0         0
      0       0       0       0       0       0       0
      0       0       0       0       0       0       0
      0       0       0       0       0       0       0
      0       0       0 0.53337       0       0       0
      0       0       0       0       0       0       0
      0       0       0       0       0       0       0
      0       0       0       0       0       0       0
0 0 0 0 0 0 0
0 0 0 0 0 0 0
0 0 0 0 0 0 0
0 0 0 1 0 0 0
0 0 0 0 0 0 0
0 0 0 0 0 0 0
0 0 0 0 0 0 0
1 1 1 1
1 0 0 1
1 0 0 1
1 1 1 1
1 0.701961 0.501961
3 7 7 3
1
1
1
12
