8
8
16
        0         0         0         0         0         0         0         0         0         0         0
        0         0         0         0         0         0         0         0         0         0         0
        0         0         0         0         0         0         0         0         0         0         0
        0         0         0  -2.98217         0         0         0         0         0         0         0
        0         0         0         0 -0.536487         0         0         0         0         0         0
        0         0         0         0         0 0.0391629 0.0850859         0         0         0         0
        0         0         0         0  0.581404         0         0         0         0         0         0
        0         0         0   3.31534         0         0         0         0         0         0         0
        0         0         0         0         0         0         0         0         0         0         0
        0         0         0         0         0         0         0         0         0         0         0
        0         0         0         0         0         0         0         0         0         0         0
       0        0        0        0        0        0        0        0        0        0        0
       0        0        0        0        0        0        0        0        0        0        0
       0        0        0        0        0        0        0        0        0        0        0
       0        0        0 0.967822        0        0        0        0        0        0        0
       0        0        0        0 0.171452        0        0        0        0        0        0
       0        0        0        0        0  1.24442 0.577173        0        0        0        0
       0        0        0        0 0.183664        0        0        0        0        0        0
       0        0        0 0.643958        0        0        0        0        0        0        0
       0        0        0        0        0        0        0        0        0        0        0
       0        0        0        0        0        0        0        0        0        0        0
       0        0        0        0        0        0        0        0        0        0        0
        0         0         0         0         0         0         0         0         0         0         0
        0         0         0         0         0         0         0         0         0         0         0
        0         0         0         0         0         0         0         0         0         0         0
        0         0         0 -0.777375         0         0         0         0         0         0         0
        0         0         0         0  0.176461         0         0         0         0         0         0
        0         0         0         0         0   2.23578   2.41112         0         0         0         0
        0         0         0         0  0.228688         0         0         0         0         0         0
        0         0         0 -0.993458         0         0         0         0         0         0         0
        0         0         0         0         0         0         0         0         0         0         0
        0         0         0         0         0         0         0         0         0         0         0
        0         0         0         0         0         0         0         0         0         0         0
0 0 0 0 0 0 0 0 0 0 0
0 0 0 0 0 0 0 0 0 0 0
0 0 0 0 0 0 0 0 0 0 0
0 0 0 1 1 1 1 1 0 0 0
0 0 0 1 1 1 1 1 0 0 0
0 0 0 1 1 1 1 1 0 0 0
0 0 0 1 1 1 1 1 0 0 0
0 0 0 1 1 1 1 1 0 0 0
0 0 0 0 0 0 0 0 0 0 0
0 0 0 0 0 0 0 0 0 0 0
0 0 0 0 0 0 0 0 0 0 0
1 1 1 1 1 1 1 1
1 0 0 0 0 0 0 1
1 0 0 0 0 0 0 1
1 0 0 0 0 0 0 1
1 0 0 0 0 0 0 1
1 0 0 0 0 0 0 1
1 0 0 0 0 0 0 1
1 1 1 1 1 1 1 1
1 0.298039 0
6 5 3 4
1
1
1
28
