4
4
16
       0        0        0        0        0        0        0
       0        0        0        0        0        0        0
       0        0        0        0        0        0        0
       0        0        0 0.802009        0        0        0
       0        0        0        0        0        0        0
       0        0        0        0        0        0        0
       0        0        0        0        0        0        0
        0         0         0         0         0         0         0
        0         0         0         0         0         0         0
        0         0         0         0         0         0         0
        0         0         0 -0.432116         0         0         0
        0         0         0         0         0         0         0
        0         0         0         0         0         0         0
        0         0         0         0         0         0         0
       0        0        0        0        0        0        0
       0        0        0        0        0        0        0
       0        0        0        0        0        0        0
       0        0        0 0.190638        0        0        0
       0        0        0        0        0        0        0
       0        0        0        0        0        0        0
       0        0        0        0        0        0        0
0 0 0 0 0 0 0
0 0 0 0 0 0 0
0 0 0 0 0 0 0
0 0 0 1 0 0 0
0 0 0 0 0 0 0
0 0 0 0 0 0 0
0 0 0 0 0 0 0
1 1 1 1
1 1 1 1
1 1 1 1
1 1 1 1
1 1 1
3 3 3 3
0
1
0
16
