4
8
16
          0           0           0           0           0           0           0           0           0           0           0
          0           0           0           0           0           0           0           0           0           0           0
          0           0           0           0           0           0           0           0           0           0           0
          0           0           0  -0.0061698           0 -0.00779724   0.0353026   0.0349274           0           0           0
          0           0           0           0           0           0           0           0           0           0           0
          0           0           0           0           0           0           0           0           0           0           0
          0           0           0           0           0           0           0           0           0           0           0
         0          0          0          0          0          0          0          0          0          0          0
         0          0          0          0          0          0          0          0          0          0          0
         0          0          0          0          0          0          0          0          0          0          0
         0          0          0 -0.0017848          0  0.0534227 -0.0278518 -0.0200797          0          0          0
         0          0          0          0          0          0          0          0          0          0          0
         0          0          0          0          0          0          0          0          0          0          0
         0          0          0          0          0          0          0          0          0          0          0
        0         0         0         0         0         0         0         0         0         0         0
        0         0         0         0         0         0         0         0         0         0         0
        0         0         0         0         0         0         0         0         0         0         0
        0         0         0 0.0515606         0  0.131899  0.124871  0.104424         0         0         0
        0         0         0         0         0         0         0         0         0         0         0
        0         0         0         0         0         0         0         0         0         0         0
        0         0         0         0         0         0         0         0         0         0         0
0 0 0 0 0 0 0 0 0 0 0
0 0 0 0 0 0 0 0 0 0 0
0 0 0 0 0 0 0 0 0 0 0
0 0 0 1 1 1 1 1 0 0 0
0 0 0 0 0 0 0 0 0 0 0
0 0 0 0 0 0 0 0 0 0 0
0 0 0 0 0 0 0 0 0 0 0
1 1 1 1 1 1 1 1
1 0 0 1 1 1 1 1
1 0 0 1 1 1 1 1
1 1 1 1 1 1 1 1
1 1 0
11 5 3 11
1
1
1
28
