12
8
16
         0          0          0          0          0          0          0          0          0          0          0
         0          0          0          0          0          0          0          0          0          0          0
         0          0          0          0          0          0          0          0          0          0          0
         0          0          0          0          0          0          0          0          0          0          0
         0          0          0          0          0          0          0          0          0          0          0
         0          0          0          0  -0.105172  0.0673063  -0.148962          0          0          0          0
         0          0          0          0 -0.0247774  -0.228054          0          0          0          0          0
         0          0          0          0          0 -0.0076828          0          0          0          0          0
         0          0          0   0.031728  0.0786726   0.186162          0          0          0          0          0
         0          0          0          0          0 -0.0888433   0.132855          0          0          0          0
         0          0          0          0          0          0          0          0          0          0          0
         0          0          0          0          0          0          0          0          0          0          0
         0          0          0          0          0          0          0          0          0          0          0
         0          0          0          0          0          0          0          0          0          0          0
         0          0          0          0          0          0          0          0          0          0          0
          0           0           0           0           0           0           0           0           0           0           0
          0           0           0           0           0           0           0           0           0           0           0
          0           0           0           0           0           0           0           0           0           0           0
          0           0           0           0           0           0           0           0           0           0           0
          0           0           0           0           0           0           0           0           0           0           0
          0           0           0           0   0.0326165 0.000236452    0.089682           0           0           0           0
          0           0           0           0   0.0435867   0.0193508           0           0           0           0           0
          0           0           0           0           0   0.0171154           0           0           0           0           0
          0           0           0   0.0097729   0.0442983   0.0581815           0           0           0           0           0
          0           0           0           0           0    0.011846   0.0202764           0           0           0           0
          0           0           0           0           0           0           0           0           0           0           0
          0           0           0           0           0           0           0           0           0           0           0
          0           0           0           0           0           0           0           0           0           0           0
          0           0           0           0           0           0           0           0           0           0           0
          0           0           0           0           0           0           0           0           0           0           0
         0          0          0          0          0          0          0          0          0          0          0
         0          0          0          0          0          0          0          0          0          0          0
         0          0          0          0          0          0          0          0          0          0          0
         0          0          0          0          0          0          0          0          0          0          0
         0          0          0          0          0          0          0          0          0          0          0
         0          0          0          0  0.0294585  0.0695186   0.062253          0          0          0          0
         0          0          0          0  0.0513582   0.081696          0          0          0          0          0
         0          0          0          0          0 -0.0811152          0          0          0          0          0
         0          0          0  0.0554347   0.091743   0.139555          0          0          0          0          0
         0          0          0          0          0  0.0601201  0.0395341          0          0          0          0
         0          0          0          0          0          0          0          0          0          0          0
         0          0          0          0          0          0          0          0          0          0          0
         0          0          0          0          0          0          0          0          0          0          0
         0          0          0          0          0          0          0          0          0          0          0
         0          0          0          0          0          0          0          0          0          0          0
0 0 0 0 0 0 0 0 0 0 0
0 0 0 0 0 0 0 0 0 0 0
0 0 0 0 0 0 0 0 0 0 0
0 0 0 1 1 1 1 1 0 0 0
0 0 0 1 1 1 1 1 0 0 0
0 0 0 1 1 1 1 1 0 0 0
0 0 0 1 1 1 1 1 0 0 0
0 0 0 1 1 1 1 1 0 0 0
0 0 0 1 1 1 1 1 0 0 0
0 0 0 1 1 1 1 1 0 0 0
0 0 0 1 1 1 1 1 0 0 0
0 0 0 1 1 1 1 1 0 0 0
0 0 0 0 0 0 0 0 0 0 0
0 0 0 0 0 0 0 0 0 0 0
0 0 0 0 0 0 0 0 0 0 0
1 1 1 1 1 1 1 1
1 1 1 1 1 1 1 1
1 1 1 1 1 1 1 1
1 1 1 1 1 1 1 1
1 1 1 1 1 1 1 1
1 1 1 1 1 1 1 1
1 1 1 1 1 1 1 1
1 1 1 1 1 1 1 1
1 1 1 1 1 1 1 1
1 1 1 1 1 1 1 1
1 1 1 1 1 1 1 1
1 1 1 1 1 1 1 1
1 1 0
9 9 7 5
0
1
0
96
