4
8
16
         0          0          0          0          0          0          0          0          0          0          0
         0          0          0          0          0          0          0          0          0          0          0
         0          0          0          0          0          0          0          0          0          0          0
         0          0          0  0.0290141          0 -0.0355083 -0.0326341 0.00999069          0          0          0
         0          0          0          0          0          0          0          0          0          0          0
         0          0          0          0          0          0          0          0          0          0          0
         0          0          0          0          0          0          0          0          0          0          0
         0          0          0          0          0          0          0          0          0          0          0
         0          0          0          0          0          0          0          0          0          0          0
         0          0          0          0          0          0          0          0          0          0          0
         0          0          0  0.0206771          0 -0.0249995  0.0334026   0.110344          0          0          0
         0          0          0          0          0          0          0          0          0          0          0
         0          0          0          0          0          0          0          0          0          0          0
         0          0          0          0          0          0          0          0          0          0          0
        0         0         0         0         0         0         0         0         0         0         0
        0         0         0         0         0         0         0         0         0         0         0
        0         0         0         0         0         0         0         0         0         0         0
        0         0         0 0.0515895         0  0.168926  0.184933  0.202594         0         0         0
        0         0         0         0         0         0         0         0         0         0         0
        0         0         0         0         0         0         0         0         0         0         0
        0         0         0         0         0         0         0         0         0         0         0
0 0 0 0 0 0 0 0 0 0 0
0 0 0 0 0 0 0 0 0 0 0
0 0 0 0 0 0 0 0 0 0 0
0 0 0 1 1 1 1 1 0 0 0
0 0 0 0 0 0 0 0 0 0 0
0 0 0 0 0 0 0 0 0 0 0
0 0 0 0 0 0 0 0 0 0 0
1 1 1 1 1 1 1 1
1 0 0 1 1 1 1 1
1 0 0 1 1 1 1 1
1 1 1 1 1 1 1 1
1 1 0
3 5 3 3
1
1
1
28
