8
6
16
        0         0         0         0         0         0         0         0         0
        0         0         0         0         0         0         0         0         0
        0         0         0         0         0         0         0         0         0
        0         0         0         0         0         0         0         0         0
        0         0         0         0         0         0         0         0         0
        0         0         0         0 0.0111704         0         0         0         0
        0         0         0         0         0         0         0         0         0
        0         0         0         0         0         0         0         0         0
        0         0         0         0         0         0         0         0         0
        0         0         0         0         0         0         0         0         0
        0         0         0         0         0         0         0         0         0
       0        0        0        0        0        0        0        0        0
       0        0        0        0        0        0        0        0        0
       0        0        0        0        0        0        0        0        0
       0        0        0        0        0        0        0        0        0
       0        0        0        0        0        0        0        0        0
       0        0        0        0 -1.31455        0        0        0        0
       0        0        0        0        0        0        0        0        0
       0        0        0        0        0        0        0        0        0
       0        0        0        0        0        0        0        0        0
       0        0        0        0        0        0        0        0        0
       0        0        0        0        0        0        0        0        0
      0       0       0       0       0       0       0       0       0
      0       0       0       0       0       0       0       0       0
      0       0       0       0       0       0       0       0       0
      0       0       0       0       0       0       0       0       0
      0       0       0       0       0       0       0       0       0
      0       0       0       0 1.95525       0       0       0       0
      0       0       0       0       0       0       0       0       0
      0       0       0       0       0       0       0       0       0
      0       0       0       0       0       0       0       0       0
      0       0       0       0       0       0       0       0       0
      0       0       0       0       0       0       0       0       0
0 0 0 0 0 0 0 0 0
0 0 0 0 0 0 0 0 0
0 0 0 0 0 0 0 0 0
0 0 0 1 1 1 0 0 0
0 0 0 1 1 1 0 0 0
0 0 0 1 1 1 0 0 0
0 0 0 1 1 1 0 0 0
0 0 0 1 1 1 0 0 0
0 0 0 0 0 0 0 0 0
0 0 0 0 0 0 0 0 0
0 0 0 0 0 0 0 0 0
1 1 1 1 1 1
1 1 1 1 1 1
1 0 0 0 0 1
1 0 0 0 0 1
1 0 0 0 0 1
1 0 0 0 0 1
1 1 1 1 1 1
1 1 1 1 1 1
1 0 0
4 4 3 2
1
1
1
32
