4
4
16
 -0.329862  -0.323245 -0.0877881  -0.142183  0.0972548  -0.170762  -0.148638
   0.76171   0.711864   0.993164    1.00622    1.11849   0.907715   0.986275
   1.81644    1.71872          2          2    1.95014    2.01626    2.09283
   2.91968    2.89906          3    3.09327          3    3.05839    3.05801
    3.5063    4.00224          4          4          4    4.11194    4.15274
   4.82799    4.98887    4.80554    4.82805    4.84406    5.24531    5.22691
   6.16912     6.4308    6.41887    6.33923    6.26283    6.26813    6.18313
  -2.00373   -1.64227   -1.43182   -1.31703   -1.36935   -1.16389   -1.07643
  -1.77975   -1.67846   -1.40492   -1.55517    -1.5446   -1.37237   -1.16541
  -1.77962   -1.48245          0          0 -0.0114951   -1.67502    -1.4074
  -1.46431   -2.20358          0    4.66397          0   -1.58529   -1.45105
  -1.83278   -1.61384          0          0          0    -1.6152   -1.49422
  -1.19713   -2.16222    -1.7399   -1.71106   -1.66862   -1.48919   -1.60781
  -1.79439    -1.7348   -1.72023   -1.34328   -1.65992   -1.10122   -1.47548
-0.195863  0.832921   1.74685   2.95222   4.29635   5.11813   6.14845
-0.175411  0.831371   2.09606   2.94824   3.74153   5.13403   6.05243
-0.175374  0.842782         2         3   4.06216   5.08648   6.05376
-0.154425  0.796446         2   4.34971         4   5.08662   6.05348
-0.184388   0.83756         2         3         4   5.08973   6.11076
-0.135812  0.798189   2.00159   3.00364   3.80502   5.09203   6.11335
-0.172061  0.831849   1.92531   2.92165   3.91695   5.08293   6.05525
1 1 1 1 1 1 1
1 1 1 1 1 1 1
1 1 1 1 1 1 1
1 1 1 1 1 1 1
1 1 1 1 1 1 1
1 1 1 1 1 1 1
1 1 1 1 1 1 1
1 0 0 0
1 0 0 0
1 0 0 0
1 0 0 0
1 0 0
0 0 0 0
1
0
1
4
