12
12
16
          0           0           0           0           0           0           0           0           0           0           0           0           0           0           0
          0           0           0           0           0           0           0           0           0           0           0           0           0           0           0
          0           0           0           0           0           0           0           0           0           0           0           0           0           0           0
          0           0           0    -2.02114           0           0           0           0           0           0           0           0           0           0           0
          0           0           0           0           0           0      1.0023           0           0           0           0           0           0           0           0
          0           0           0           0   -0.517792           0  -0.0248849   0.0171711  -0.0167692           0           0           0           0           0           0
          0           0           0           0           0  -0.0690169   0.0942683   -0.281191   0.0810318   -0.115963           0           0           0           0           0
          0           0           0           0           0   0.0123286           0  -0.0411088  -0.0132465   -0.026911   0.0408776   0.0100055           0           0           0
          0           0           0           0           0   0.0325558    0.276082    0.217048   -0.141238   0.0284228           0           0           0           0           0
          0           0           0           0     0.38254   0.0968251   -0.769685   0.0170674 -0.00968385           0           0           0           0           0           0
          0           0           0           0           0           0   -0.138067           0           0           0           0           0           0           0           0
          0           0           0     1.81095           0    0.113292           0           0           0           0           0           0           0           0           0
          0           0           0           0           0           0           0           0           0           0           0           0           0           0           0
          0           0           0           0           0           0           0           0           0           0           0           0           0           0           0
          0           0           0           0           0           0           0           0           0           0           0           0           0           0           0
          0           0           0           0           0           0           0           0           0           0           0           0           0           0           0
          0           0           0           0           0           0           0           0           0           0           0           0           0           0           0
          0           0           0           0           0           0           0           0           0           0           0           0           0           0           0
          0           0           0   -0.854346           0           0           0           0           0           0           0           0           0           0           0
          0           0           0           0           0           0    0.227365           0           0           0           0           0           0           0           0
          0           0           0           0  -0.0253341           0    0.179308    0.208845    0.275902           0           0           0           0           0           0
          0           0           0           0           0   0.0113686   0.0348496   0.0575179 -0.00959277    0.194692           0           0           0           0           0
          0           0           0           0           0    0.065946           0   0.0500432   0.0514723    -1.20123    0.314176    0.208265           0           0           0
          0           0           0           0           0   0.0311174  -0.0502262  -0.0150757  -0.0032407    0.194386           0           0           0           0           0
          0           0           0           0   0.0709903 0.000339389    0.115995    0.111235    0.365194           0           0           0           0           0           0
          0           0           0           0           0           0    0.268384           0           0           0           0           0           0           0           0
          0           0           0   -0.548426           0   0.0878282           0           0           0           0           0           0           0           0           0
          0           0           0           0           0           0           0           0           0           0           0           0           0           0           0
          0           0           0           0           0           0           0           0           0           0           0           0           0           0           0
          0           0           0           0           0           0           0           0           0           0           0           0           0           0           0
         0          0          0          0          0          0          0          0          0          0          0          0          0          0          0
         0          0          0          0          0          0          0          0          0          0          0          0          0          0          0
         0          0          0          0          0          0          0          0          0          0          0          0          0          0          0
         0          0          0  0.0300553          0          0          0          0          0          0          0          0          0          0          0
         0          0          0          0          0          0   0.389065          0          0          0          0          0          0          0          0
         0          0          0          0   0.413219          0  0.0797725   0.609456   0.284832          0          0          0          0          0          0
         0          0          0          0          0  0.0416508 0.00277042 -0.0331297  0.0474243   0.060638          0          0          0          0          0
         0          0          0          0          0   0.072741          0  0.0568457  0.0635228   0.409188    0.71479   0.136483          0          0          0
         0          0          0          0          0    0.16755   0.107814   0.103071   0.153077  0.0568585          0          0          0          0          0
         0          0          0          0   0.432495  0.0952184   0.024941   0.383948   0.553736          0          0          0          0          0          0
         0          0          0          0          0          0   0.538716          0          0          0          0          0          0          0          0
         0          0          0  0.0264423          0 -0.0308876          0          0          0          0          0          0          0          0          0
         0          0          0          0          0          0          0          0          0          0          0          0          0          0          0
         0          0          0          0          0          0          0          0          0          0          0          0          0          0          0
         0          0          0          0          0          0          0          0          0          0          0          0          0          0          0
0 0 0 0 0 0 0 0 0 0 0 0 0 0 0
0 0 0 0 0 0 0 0 0 0 0 0 0 0 0
0 0 0 0 0 0 0 0 0 0 0 0 0 0 0
0 0 0 1 1 1 1 1 1 1 1 1 0 0 0
0 0 0 1 1 1 1 1 1 1 1 1 0 0 0
0 0 0 1 1 1 1 1 1 1 1 1 0 0 0
0 0 0 1 1 1 1 1 1 1 1 1 0 0 0
0 0 0 1 1 1 1 1 1 1 1 1 0 0 0
0 0 0 1 1 1 1 1 1 1 1 1 0 0 0
0 0 0 1 1 1 1 1 1 1 1 1 0 0 0
0 0 0 1 1 1 1 1 1 1 1 1 0 0 0
0 0 0 1 1 1 1 1 1 1 1 1 0 0 0
0 0 0 0 0 0 0 0 0 0 0 0 0 0 0
0 0 0 0 0 0 0 0 0 0 0 0 0 0 0
0 0 0 0 0 0 0 0 0 0 0 0 0 0 0
1 1 1 1 1 1 1 1 1 1 1 1
1 0 0 0 0 1 1 1 1 1 1 1
1 0 0 0 0 1 1 1 1 1 1 1
1 1 1 1 1 0 0 0 0 1 1 1
1 1 1 1 1 0 0 0 0 1 1 1
1 1 1 1 1 0 0 0 0 1 1 1
1 1 1 1 1 0 0 0 0 1 1 1
1 1 1 1 1 0 0 0 0 1 1 1
1 1 1 1 1 0 0 0 0 1 1 1
1 0 0 0 0 1 1 1 1 1 1 1
1 0 0 0 0 1 1 1 1 1 1 1
1 1 1 1 1 1 1 1 1 1 1 1
1 0.788235 0
7 7 3 3
1
1
3
104
